  74    74          1
  74    84     0.6469
  74    97   -0.05029
  74   114    -0.2403
  74   133   -0.06301
  74   153     0.1191
  74   174    0.02948
  74   196  -0.008309
  74   220    -0.0174
  74   245  -0.003266
  74   272  0.0001295
  74   300  0.0004327
  74   330  0.0001116
  74   362  1.804e-05
  74   395   3.42e-06
  74   430  2.639e-07
  74   468  2.088e-08
  74   507  9.886e-09
  74   548  1.982e-09
  74   592   3.63e-10
  74   638  4.493e-11
  74   686  4.588e-12
  74   737  3.848e-13
  74   790  2.957e-14
  74   846  1.868e-15
  74   905  1.036e-16
  74   967   5.35e-18
  74  1032  2.384e-19
  74  1101  8.638e-21
  74  1172  3.059e-22
  74  1248  8.677e-24
  74  1327  2.498e-25
  74  1410  5.337e-27
  74  1497  8.449e-29
  74  1588  3.378e-31
  74  1784  9.757e-36
  84    74     0.6469
  84    84          1
  84    97     0.5506
  84   114    -0.1776
  84   133    -0.4349
  84   153    0.06207
  84   174    0.06611
  84   196   0.008082
  84   220   -0.01397
  84   245   -0.00662
  84   272  -0.001557
  84   300 -0.0002418
  84   330  9.929e-06
  84   362  2.056e-06
  84   395 -1.881e-06
  84   430 -7.847e-07
  84   468 -1.587e-07
  84   507 -6.279e-08
  84   548 -4.833e-09
  84   592 -1.515e-11
  84   638  6.023e-11
  84   686  1.035e-11
  84   737  1.129e-12
  84   790  1.018e-13
  84   846  7.358e-15
  84   905  4.581e-16
  84   967  2.588e-17
  84  1032  1.248e-18
  84  1101  4.891e-20
  84  1172   1.86e-21
  84  1248  5.674e-23
  84  1327  1.732e-24
  84  1410   3.93e-26
  84  1497  6.541e-28
  84  1588  2.739e-30
  84  1784  9.027e-35
  97    74   -0.05029
  97    84     0.5506
  97    97          1
  97   114     0.5248
  97   133     -0.373
  97   153    -0.3429
  97   174    0.02167
  97   196    0.05823
  97   220    0.04174
  97   245  -0.006769
  97   272  -0.007564
  97   300  -0.004185
  97   330 -0.0007937
  97   362 -0.0001302
  97   395 -3.564e-05
  97   430 -5.725e-06
  97   468 -8.937e-07
  97   507  -3.56e-07
  97   548 -3.351e-08
  97   592 -1.715e-09
  97   638   1.37e-10
  97   686  4.181e-11
  97   737  5.657e-12
  97   790   5.94e-13
  97   846   4.95e-14
  97   905  3.513e-15
  97   967  2.215e-16
  97  1032  1.186e-17
  97  1101  5.188e-19
  97  1172  2.191e-20
  97  1248  7.431e-22
  97  1327  2.465e-23
  97  1410  6.091e-25
  97  1497  1.096e-26
  97  1588  5.016e-29
  97  1784  2.305e-33
 114    74    -0.2403
 114    84    -0.1776
 114    97     0.5248
 114   114          1
 114   133     0.2931
 114   153    -0.6064
 114   174   -0.09805
 114   196    0.07594
 114   220    0.09814
 114   245   0.000609
 114   272   -0.01102
 114   300  -0.007215
 114   330  -0.001345
 114   362 -0.0001741
 114   395 -2.968e-05
 114   430 -3.551e-06
 114   468  -7.03e-07
 114   507  -3.83e-07
 114   548 -4.252e-08
 114   592 -6.944e-10
 114   638  8.739e-10
 114   686   2.14e-10
 114   737  3.238e-11
 114   790  3.935e-12
 114   846  3.804e-13
 114   905  3.095e-14
 114   967  2.195e-15
 114  1032  1.318e-16
 114  1101  6.495e-18
 114  1172  3.056e-19
 114  1248  1.146e-20
 114  1327  4.103e-22
 114  1410  1.098e-23
 114  1497  2.149e-25
 114  1588  1.104e-27
 114  1784  7.717e-32
 133    74   -0.06301
 133    84    -0.4349
 133    97     -0.373
 133   114     0.2931
 133   133          1
 133   153     0.1049
 133   174    -0.2576
 133   196    -0.1013
 133   220     0.1012
 133   245    0.06541
 133   272  0.0003745
 133   300   -0.01509
 133   330  -0.004172
 133   362 -0.0001491
 133   395  0.0003914
 133   430  0.0001379
 133   468  2.743e-05
 133   507  1.137e-05
 133   548  1.108e-06
 133   592  1.043e-07
 133   638  1.422e-08
 133   686   2.99e-09
 133   737  5.383e-10
 133   790  7.849e-11
 133   846  8.935e-12
 133   905  8.404e-13
 133   967  6.772e-14
 133  1032  4.606e-15
 133  1101  2.566e-16
 133  1172  1.341e-17
 133  1248  5.525e-19
 133  1327  2.132e-20
 133  1410  6.265e-22
 133  1497  1.388e-23
 133  1588  8.684e-26
 133  1784  1.061e-29
 153    74     0.1191
 153    84    0.06207
 153    97    -0.3429
 153   114    -0.6064
 153   133     0.1049
 153   153          1
 153   174      0.334
 153   196    -0.2494
 153   220    -0.3271
 153   245    0.09578
 153   272    0.06119
 153   300   0.001685
 153   330  -0.008832
 153   362  -0.002469
 153   395 -0.0002634
 153   430  0.0001278
 153   468  4.248e-05
 153   507  1.953e-05
 153   548  1.344e-06
 153   592 -3.674e-08
 153   638 -2.155e-09
 153   686  5.758e-09
 153   737  1.832e-09
 153   790  3.474e-10
 153   846  4.791e-11
 153   905    5.3e-12
 153   967   4.91e-13
 153  1032  3.795e-14
 153  1101  2.375e-15
 153  1172  1.363e-16
 153  1248  6.125e-18
 153  1327  2.562e-19
 153  1410  8.466e-21
 153  1497  2.218e-22
 153  1588  1.759e-24
 153  1784   3.34e-28
 174    74    0.02948
 174    84    0.06611
 174    97    0.02167
 174   114   -0.09805
 174   133    -0.2576
 174   153      0.334
 174   174          1
 174   196     0.4515
 174   220    -0.4329
 174   245     -0.311
 174   272    0.04376
 174   300      0.108
 174   330    0.01821
 174   362  -0.004951
 174   395  -0.005867
 174   430  -0.001618
 174   468 -0.0003094
 174   507  -0.000144
 174   548 -1.934e-05
 174   592  -2.66e-06
 174   638 -2.555e-07
 174   686 -6.776e-09
 174   737  4.566e-09
 174   790  1.373e-09
 174   846  2.479e-10
 174   905  3.357e-11
 174   967  3.635e-12
 174  1032   3.19e-13
 174  1101  2.223e-14
 174  1172  1.393e-15
 174  1248  6.867e-17
 174  1327  3.183e-18
 174  1410  1.235e-19
 174  1497  3.979e-21
 174  1588  3.994e-23
 174  1784  1.043e-26
 196    74  -0.008309
 196    84   0.008082
 196    97    0.05823
 196   114    0.07594
 196   133    -0.1013
 196   153    -0.2494
 196   174     0.4515
 196   196          1
 196   220     0.3354
 196   245    -0.6403
 196   272    -0.1056
 196   300     0.1564
 196   330    0.05607
 196   362 -0.0005645
 196   395  -0.009433
 196   430  -0.003223
 196   468 -0.0006146
 196   507   -0.00022
 196   548 -1.478e-05
 196   592 -1.291e-06
 196   638  -4.28e-07
 196   686 -8.768e-08
 196   737 -3.128e-09
 196   790  2.763e-09
 196   846  8.786e-10
 196   905  1.569e-10
 196   967  2.014e-11
 196  1032  2.004e-12
 196  1101  1.555e-13
 196  1172   1.08e-14
 196  1248  6.065e-16
 196  1327  3.308e-17
 196  1410   1.62e-18
 196  1497  6.689e-20
 196  1588  8.486e-22
 196  1784  2.987e-25
 220    74    -0.0174
 220    84   -0.01397
 220    97    0.04174
 220   114    0.09814
 220   133     0.1012
 220   153    -0.3271
 220   174    -0.4329
 220   196     0.3354
 220   220          1
 220   245    0.03516
 220   272    -0.2732
 220   300    -0.1173
 220   330    0.06914
 220   362    0.02632
 220   395  -0.003706
 220   430  -0.005132
 220   468  -0.001065
 220   507  0.0001142
 220   548  0.0001808
 220   592  3.221e-05
 220   638 -2.629e-06
 220   686  -1.81e-06
 220   737  -2.96e-07
 220   790 -1.012e-08
 220   846  6.323e-09
 220   905  1.731e-09
 220   967  2.684e-10
 220  1032  3.063e-11
 220  1101  2.718e-12
 220  1172  2.197e-13
 220  1248   1.51e-14
 220  1327  1.032e-15
 220  1410  6.503e-17
 220  1497  3.312e-18
 220  1588  5.012e-20
 220  1784  2.204e-23
 245    74  -0.003266
 245    84   -0.00662
 245    97  -0.006769
 245   114   0.000609
 245   133    0.06541
 245   153    0.09578
 245   174     -0.311
 245   196    -0.6403
 245   220    0.03516
 245   245          1
 245   272     0.3767
 245   300    -0.3129
 245   330    -0.1625
 245   362    0.02591
 245   395    0.04338
 245   430   0.004908
 245   468  -0.002275
 245   507  -0.002941
 245   548 -0.0005166
 245   592  -7.07e-05
 245   638 -1.629e-05
 245   686 -5.136e-06
 245   737 -1.047e-06
 245   790 -1.211e-07
 245   846 -6.033e-10
 245   905  2.693e-09
 245   967  6.277e-10
 245  1032   9.54e-11
 245  1101  1.133e-11
 245  1172  1.241e-12
 245  1248  1.177e-13
 245  1327  1.057e-14
 245  1410  8.473e-16
 245  1497  5.172e-17
 245  1588  9.232e-19
 245  1784  5.133e-22
 272    74  0.0001295
 272    84  -0.001557
 272    97  -0.007564
 272   114   -0.01102
 272   133  0.0003745
 272   153    0.06119
 272   174    0.04376
 272   196    -0.1056
 272   220    -0.2732
 272   245     0.3767
 272   272          1
 272   300     0.2819
 272   330    -0.3764
 272   362   -0.08344
 272   395    0.07621
 272   430    0.03263
 272   468 -0.0009469
 272   507   -0.01045
 272   548  -0.002929
 272   592 -0.0002806
 272   638  5.395e-05
 272   686  1.734e-05
 272   737  1.259e-06
 272   790 -3.025e-07
 272   846 -1.056e-07
 272   905 -1.559e-08
 272   967 -1.013e-09
 272  1032  1.077e-10
 272  1101  4.409e-11
 272  1172  8.268e-12
 272  1248  1.111e-12
 272  1327   1.25e-13
 272  1410  1.198e-14
 272  1497  8.436e-16
 272  1588  1.741e-17
 272  1784  1.188e-20
 300    74  0.0004327
 300    84 -0.0002418
 300    97  -0.004185
 300   114  -0.007215
 300   133   -0.01509
 300   153   0.001685
 300   174      0.108
 300   196     0.1564
 300   220    -0.1173
 300   245    -0.3129
 300   272     0.2819
 300   300          1
 300   330     0.2609
 300   362    -0.2672
 300   395    -0.1549
 300   430    0.06707
 300   468    0.02786
 300   507  -0.007969
 300   548   -0.01017
 300   592  -0.001997
 300   638  0.0002096
 300   686  0.0001338
 300   737  1.775e-05
 300   790 -1.597e-06
 300   846 -1.112e-06
 300   905 -2.318e-07
 300   967 -2.733e-08
 300  1032 -1.165e-09
 300  1101  2.947e-10
 300  1172  9.062e-11
 300  1248  1.541e-11
 300  1327  2.047e-12
 300  1410  2.274e-13
 300  1497  1.834e-14
 300  1588  4.385e-16
 300  1784   3.67e-19
 330    74  0.0001116
 330    84  9.929e-06
 330    97 -0.0007937
 330   114  -0.001345
 330   133  -0.004172
 330   153  -0.008832
 330   174    0.01821
 330   196    0.05607
 330   220    0.06914
 330   245    -0.1625
 330   272    -0.3764
 330   300     0.2609
 330   330          1
 330   362     0.3928
 330   395    -0.2854
 330   430    -0.1518
 330   468    0.03401
 330   507     0.0762
 330   548   0.003827
 330   592  -0.006212
 330   638  -0.001975
 330   686 -0.0003008
 330   737 -3.086e-05
 330   790 -6.152e-06
 330   846 -1.981e-06
 330   905 -4.587e-07
 330   967 -6.246e-08
 330  1032 -1.629e-09
 330  1101  1.632e-09
 330  1172  5.286e-10
 330  1248  1.041e-10
 330  1327  1.609e-11
 330  1410  2.076e-12
 330  1497  1.929e-13
 330  1588  5.373e-15
 330  1784  5.501e-18
 362    74  1.804e-05
 362    84  2.056e-06
 362    97 -0.0001302
 362   114 -0.0001741
 362   133 -0.0001491
 362   153  -0.002469
 362   174  -0.004951
 362   196 -0.0005645
 362   220    0.02632
 362   245    0.02591
 362   272   -0.08344
 362   300    -0.2672
 362   330     0.3928
 362   362          1
 362   395     0.2935
 362   430    -0.3608
 362   468   -0.08161
 362   507     0.1292
 362   548    0.05496
 362   592  -0.002459
 362   638  -0.006168
 362   686  -0.001627
 362   737 -0.0001366
 362   790  2.722e-05
 362   846  1.091e-05
 362   905  1.735e-06
 362   967    1.6e-07
 362  1032  1.774e-08
 362  1101  6.694e-09
 362  1172   2.39e-09
 362  1248  5.822e-10
 362  1327  1.091e-10
 362  1410  1.673e-11
 362  1497   1.82e-12
 362  1588  5.975e-14
 362  1784  7.536e-17
 395    74   3.42e-06
 395    84 -1.881e-06
 395    97 -3.564e-05
 395   114 -2.968e-05
 395   133  0.0003914
 395   153 -0.0002634
 395   174  -0.005867
 395   196  -0.009433
 395   220  -0.003706
 395   245    0.04338
 395   272    0.07621
 395   300    -0.1549
 395   330    -0.2854
 395   362     0.2935
 395   395          1
 395   430     0.2631
 395   468     -0.275
 395   507    -0.2525
 395   548     0.1254
 395   592    0.04761
 395   638  -0.005504
 395   686  -0.005056
 395   737 -0.0009022
 395   790  2.988e-05
 395   846  4.629e-05
 395   905  9.512e-06
 395   967  6.842e-07
 395  1032 -6.615e-08
 395  1101  -4.19e-09
 395  1172  9.179e-09
 395  1248  3.949e-09
 395  1327  9.939e-10
 395  1410  1.887e-10
 395  1497  2.452e-11
 395  1588  9.595e-13
 395  1784  1.497e-15
 430    74  2.639e-07
 430    84 -7.847e-07
 430    97 -5.725e-06
 430   114 -3.551e-06
 430   133  0.0001379
 430   153  0.0001278
 430   174  -0.001618
 430   196  -0.003223
 430   220  -0.005132
 430   245   0.004908
 430   272    0.03263
 430   300    0.06707
 430   330    -0.1518
 430   362    -0.3608
 430   395     0.2631
 430   430          1
 430   468     0.3926
 430   507    -0.4115
 430   548    -0.2382
 430   592    0.04619
 430   638    0.04013
 430   686   0.004565
 430   737  -0.002231
 430   790  -0.001032
 430   846 -0.0002166
 430   905 -3.164e-05
 430   967 -5.507e-06
 430  1032 -1.382e-06
 430  1101 -2.733e-07
 430  1172 -2.044e-08
 430  1248  8.426e-09
 430  1327  3.978e-09
 430  1410  1.024e-09
 430  1497  1.662e-10
 430  1588  7.973e-12
 430  1784   1.57e-14
 468    74  2.088e-08
 468    84 -1.587e-07
 468    97 -8.937e-07
 468   114  -7.03e-07
 468   133  2.743e-05
 468   153  4.248e-05
 468   174 -0.0003094
 468   196 -0.0006146
 468   220  -0.001065
 468   245  -0.002275
 468   272 -0.0009469
 468   300    0.02786
 468   330    0.03401
 468   362   -0.08161
 468   395     -0.275
 468   430     0.3926
 468   468          1
 468   507     0.3504
 468   548     -0.591
 468   592   -0.07742
 468   638    0.07164
 468   686    0.02223
 468   737  -0.001448
 468   790  -0.002224
 468   846 -0.0005755
 468   905 -6.264e-05
 468   967 -1.786e-06
 468  1032 -1.522e-06
 468  1101 -1.001e-06
 468  1172 -2.546e-07
 468  1248  -1.76e-08
 468  1327  9.268e-09
 468  1410  4.316e-09
 468  1497  9.505e-10
 468  1588  5.806e-11
 468  1784  1.474e-13
 507    74  9.886e-09
 507    84 -6.279e-08
 507    97  -3.56e-07
 507   114  -3.83e-07
 507   133  1.137e-05
 507   153  1.953e-05
 507   174  -0.000144
 507   196   -0.00022
 507   220  0.0001142
 507   245  -0.002941
 507   272   -0.01045
 507   300  -0.007969
 507   330     0.0762
 507   362     0.1292
 507   395    -0.2525
 507   430    -0.4115
 507   468     0.3504
 507   507          1
 507   548    0.04507
 507   592    -0.2636
 507   638   -0.06389
 507   686    0.04107
 507   737    0.01589
 507   790  -0.002167
 507   846   -0.00211
 507   905 -0.0002533
 507   967  0.0001019
 507  1032  3.453e-05
 507  1101 -9.644e-07
 507  1172 -2.858e-06
 507  1248 -7.496e-07
 507  1327 -4.685e-08
 507  1410  3.096e-08
 507  1497  1.211e-08
 507  1588  1.018e-09
 507  1784  3.462e-12
 548    74  1.982e-09
 548    84 -4.833e-09
 548    97 -3.351e-08
 548   114 -4.252e-08
 548   133  1.108e-06
 548   153  1.344e-06
 548   174 -1.934e-05
 548   196 -1.478e-05
 548   220  0.0001808
 548   245 -0.0005166
 548   272  -0.002929
 548   300   -0.01017
 548   330   0.003827
 548   362    0.05496
 548   395     0.1254
 548   430    -0.2382
 548   468     -0.591
 548   507    0.04507
 548   548          1
 548   592     0.2912
 548   638    -0.2608
 548   686   -0.09164
 548   737     0.0376
 548   790    0.01731
 548   846   -0.00183
 548   905  -0.002036
 548   967 -0.0002107
 548  1032  0.0001149
 548  1101  3.559e-05
 548  1172 -1.151e-06
 548  1248 -2.978e-06
 548  1327 -7.706e-07
 548  1410 -4.364e-08
 548  1497  3.129e-08
 548  1588  4.695e-09
 548  1784  2.349e-11
 592    74   3.63e-10
 592    84 -1.515e-11
 592    97 -1.715e-09
 592   114 -6.944e-10
 592   133  1.043e-07
 592   153 -3.674e-08
 592   174  -2.66e-06
 592   196 -1.291e-06
 592   220  3.221e-05
 592   245  -7.07e-05
 592   272 -0.0002806
 592   300  -0.001997
 592   330  -0.006212
 592   362  -0.002459
 592   395    0.04761
 592   430    0.04619
 592   468   -0.07742
 592   507    -0.2636
 592   548     0.2912
 592   592          1
 592   638     0.3141
 592   686     -0.272
 592   737   -0.09622
 592   790    0.04385
 592   846    0.01946
 592   905  -0.002485
 592   967   -0.00246
 592  1032 -0.0002566
 592  1101  0.0001339
 592  1172  4.188e-05
 592  1248  -1.51e-06
 592  1327 -3.504e-06
 592  1410  -9.04e-07
 592  1497 -3.182e-08
 592  1588  1.556e-08
 592  1784   1.44e-10
 638    74  4.493e-11
 638    84  6.023e-11
 638    97   1.37e-10
 638   114  8.739e-10
 638   133  1.422e-08
 638   153 -2.155e-09
 638   174 -2.555e-07
 638   196  -4.28e-07
 638   220 -2.629e-06
 638   245 -1.629e-05
 638   272  5.395e-05
 638   300  0.0002096
 638   330  -0.001975
 638   362  -0.006168
 638   395  -0.005504
 638   430    0.04013
 638   468    0.07164
 638   507   -0.06389
 638   548    -0.2608
 638   592     0.3141
 638   638          1
 638   686     0.3185
 638   737    -0.2738
 638   790   -0.09632
 638   846    0.04476
 638   905     0.0191
 638   967  -0.002687
 638  1032  -0.002424
 638  1101 -0.0002271
 638  1172  0.0001343
 638  1248  4.016e-05
 638  1327 -1.839e-06
 638  1410 -3.525e-06
 638  1497 -7.626e-07
 638  1588  1.352e-09
 638  1784  5.398e-10
 686    74  4.588e-12
 686    84  1.035e-11
 686    97  4.181e-11
 686   114   2.14e-10
 686   133   2.99e-09
 686   153  5.758e-09
 686   174 -6.776e-09
 686   196 -8.768e-08
 686   220  -1.81e-06
 686   245 -5.136e-06
 686   272  1.734e-05
 686   300  0.0001338
 686   330 -0.0003008
 686   362  -0.001627
 686   395  -0.005056
 686   430   0.004565
 686   468    0.02223
 686   507    0.04107
 686   548   -0.09164
 686   592     -0.272
 686   638     0.3185
 686   686          1
 686   737     0.3155
 686   790    -0.2708
 686   846    -0.0959
 686   905    0.04423
 686   967    0.01887
 686  1032  -0.002645
 686  1101  -0.002378
 686  1172  -0.000229
 686  1248   0.000133
 686  1327  3.891e-05
 686  1410 -2.246e-06
 686  1497 -3.263e-06
 686  1588 -2.477e-07
 686  1784  1.066e-09
 737    74  3.848e-13
 737    84  1.129e-12
 737    97  5.657e-12
 737   114  3.238e-11
 737   133  5.383e-10
 737   153  1.832e-09
 737   174  4.566e-09
 737   196 -3.128e-09
 737   220  -2.96e-07
 737   245 -1.047e-06
 737   272  1.259e-06
 737   300  1.775e-05
 737   330 -3.086e-05
 737   362 -0.0001366
 737   395 -0.0009022
 737   430  -0.002231
 737   468  -0.001448
 737   507    0.01589
 737   548     0.0376
 737   592   -0.09622
 737   638    -0.2738
 737   686     0.3155
 737   737          1
 737   790     0.3151
 737   846    -0.2735
 737   905   -0.09277
 737   967    0.04485
 737  1032    0.01813
 737  1101   -0.00279
 737  1172   -0.00232
 737  1248 -0.0002049
 737  1327  0.0001297
 737  1410  3.697e-05
 737  1497 -2.887e-06
 737  1588 -1.225e-06
 737  1784 -2.881e-09
 790    74  2.957e-14
 790    84  1.018e-13
 790    97   5.94e-13
 790   114  3.935e-12
 790   133  7.849e-11
 790   153  3.474e-10
 790   174  1.373e-09
 790   196  2.763e-09
 790   220 -1.012e-08
 790   245 -1.211e-07
 790   272 -3.025e-07
 790   300 -1.597e-06
 790   330 -6.152e-06
 790   362  2.722e-05
 790   395  2.988e-05
 790   430  -0.001032
 790   468  -0.002224
 790   507  -0.002167
 790   548    0.01731
 790   592    0.04385
 790   638   -0.09632
 790   686    -0.2708
 790   737     0.3151
 790   790          1
 790   846     0.3135
 790   905    -0.2728
 790   967   -0.09165
 790  1032    0.04476
 790  1101    0.01776
 790  1172   -0.00279
 790  1248  -0.002294
 790  1327 -0.0001925
 790  1410  0.0001338
 790  1497  3.235e-05
 790  1588 -1.839e-06
 790  1784  -3.34e-08
 846    74  1.868e-15
 846    84  7.358e-15
 846    97   4.95e-14
 846   114  3.804e-13
 846   133  8.935e-12
 846   153  4.791e-11
 846   174  2.479e-10
 846   196  8.786e-10
 846   220  6.323e-09
 846   245 -6.033e-10
 846   272 -1.056e-07
 846   300 -1.112e-06
 846   330 -1.981e-06
 846   362  1.091e-05
 846   395  4.629e-05
 846   430 -0.0002166
 846   468 -0.0005755
 846   507   -0.00211
 846   548   -0.00183
 846   592    0.01946
 846   638    0.04476
 846   686    -0.0959
 846   737    -0.2735
 846   790     0.3135
 846   846          1
 846   905     0.3064
 846   967    -0.2736
 846  1032   -0.08828
 846  1101     0.0449
 846  1172    0.01742
 846  1248  -0.002856
 846  1327  -0.002229
 846  1410 -0.0001689
 846  1497  0.0001307
 846  1588   9.89e-06
 846  1784 -1.173e-07
 905    74  1.036e-16
 905    84  4.581e-16
 905    97  3.513e-15
 905   114  3.095e-14
 905   133  8.404e-13
 905   153    5.3e-12
 905   174  3.357e-11
 905   196  1.569e-10
 905   220  1.731e-09
 905   245  2.693e-09
 905   272 -1.559e-08
 905   300 -2.318e-07
 905   330 -4.587e-07
 905   362  1.735e-06
 905   395  9.512e-06
 905   430 -3.164e-05
 905   468 -6.264e-05
 905   507 -0.0002533
 905   548  -0.002036
 905   592  -0.002485
 905   638     0.0191
 905   686    0.04423
 905   737   -0.09277
 905   790    -0.2728
 905   846     0.3064
 905   905          1
 905   967     0.3087
 905  1032    -0.2724
 905  1101   -0.08718
 905  1172    0.04455
 905  1248    0.01721
 905  1327  -0.002867
 905  1410  -0.002229
 905  1497  -0.000105
 905  1588  5.592e-05
 905  1784 -1.756e-08
 967    74   5.35e-18
 967    84  2.588e-17
 967    97  2.215e-16
 967   114  2.195e-15
 967   133  6.772e-14
 967   153   4.91e-13
 967   174  3.635e-12
 967   196  2.014e-11
 967   220  2.684e-10
 967   245  6.277e-10
 967   272 -1.013e-09
 967   300 -2.733e-08
 967   330 -6.246e-08
 967   362    1.6e-07
 967   395  6.842e-07
 967   430 -5.507e-06
 967   468 -1.786e-06
 967   507  0.0001019
 967   548 -0.0002107
 967   592   -0.00246
 967   638  -0.002687
 967   686    0.01887
 967   737    0.04485
 967   790   -0.09165
 967   846    -0.2736
 967   905     0.3087
 967   967          1
 967  1032     0.3001
 967  1101    -0.2742
 967  1172   -0.08659
 967  1248     0.0448
 967  1327    0.01676
 967  1410  -0.003089
 967  1497  -0.002026
 967  1588  2.473e-05
 967  1784  1.513e-06
1032    74  2.384e-19
1032    84  1.248e-18
1032    97  1.186e-17
1032   114  1.318e-16
1032   133  4.606e-15
1032   153  3.795e-14
1032   174   3.19e-13
1032   196  2.004e-12
1032   220  3.063e-11
1032   245   9.54e-11
1032   272  1.077e-10
1032   300 -1.165e-09
1032   330 -1.629e-09
1032   362  1.774e-08
1032   395 -6.615e-08
1032   430 -1.382e-06
1032   468 -1.522e-06
1032   507  3.453e-05
1032   548  0.0001149
1032   592 -0.0002566
1032   638  -0.002424
1032   686  -0.002645
1032   737    0.01813
1032   790    0.04476
1032   846   -0.08828
1032   905    -0.2724
1032   967     0.3001
1032  1032          1
1032  1101     0.3067
1032  1172    -0.2708
1032  1248   -0.08785
1032  1327    0.04437
1032  1410     0.0168
1032  1497  -0.003283
1032  1588 -0.0006667
1032  1784  5.532e-06
1101    74  8.638e-21
1101    84  4.891e-20
1101    97  5.188e-19
1101   114  6.495e-18
1101   133  2.566e-16
1101   153  2.375e-15
1101   174  2.223e-14
1101   196  1.555e-13
1101   220  2.718e-12
1101   245  1.133e-11
1101   272  4.409e-11
1101   300  2.947e-10
1101   330  1.632e-09
1101   362  6.694e-09
1101   395  -4.19e-09
1101   430 -2.733e-07
1101   468 -1.001e-06
1101   507 -9.644e-07
1101   548  3.559e-05
1101   592  0.0001339
1101   638 -0.0002271
1101   686  -0.002378
1101   737   -0.00279
1101   790    0.01776
1101   846     0.0449
1101   905   -0.08718
1101   967    -0.2742
1101  1032     0.3067
1101  1101          1
1101  1172     0.3027
1101  1248    -0.2714
1101  1327    -0.0842
1101  1410    0.04532
1101  1497    0.01461
1101  1588  -0.001735
1101  1784  1.247e-05
1172    74  3.059e-22
1172    84   1.86e-21
1172    97  2.191e-20
1172   114  3.056e-19
1172   133  1.341e-17
1172   153  1.363e-16
1172   174  1.393e-15
1172   196   1.08e-14
1172   220  2.197e-13
1172   245  1.241e-12
1172   272  8.268e-12
1172   300  9.062e-11
1172   330  5.286e-10
1172   362   2.39e-09
1172   395  9.179e-09
1172   430 -2.044e-08
1172   468 -2.546e-07
1172   507 -2.858e-06
1172   548 -1.151e-06
1172   592  4.188e-05
1172   638  0.0001343
1172   686  -0.000229
1172   737   -0.00232
1172   790   -0.00279
1172   846    0.01742
1172   905    0.04455
1172   967   -0.08659
1172  1032    -0.2708
1172  1101     0.3027
1172  1172          1
1172  1248     0.3037
1172  1327    -0.2721
1172  1410   -0.08245
1172  1497    0.04585
1172  1588   0.003193
1172  1784  0.0001787
1248    74  8.677e-24
1248    84  5.674e-23
1248    97  7.431e-22
1248   114  1.146e-20
1248   133  5.525e-19
1248   153  6.125e-18
1248   174  6.867e-17
1248   196  6.065e-16
1248   220   1.51e-14
1248   245  1.177e-13
1248   272  1.111e-12
1248   300  1.541e-11
1248   330  1.041e-10
1248   362  5.822e-10
1248   395  3.949e-09
1248   430  8.426e-09
1248   468  -1.76e-08
1248   507 -7.496e-07
1248   548 -2.978e-06
1248   592  -1.51e-06
1248   638  4.016e-05
1248   686   0.000133
1248   737 -0.0002049
1248   790  -0.002294
1248   846  -0.002856
1248   905    0.01721
1248   967     0.0448
1248  1032   -0.08785
1248  1101    -0.2714
1248  1172     0.3037
1248  1248          1
1248  1327     0.3023
1248  1410    -0.2738
1248  1497   -0.07497
1248  1588    0.01647
1248  1784   0.001755
1327    74  2.498e-25
1327    84  1.732e-24
1327    97  2.465e-23
1327   114  4.103e-22
1327   133  2.132e-20
1327   153  2.562e-19
1327   174  3.183e-18
1327   196  3.308e-17
1327   220  1.032e-15
1327   245  1.057e-14
1327   272   1.25e-13
1327   300  2.047e-12
1327   330  1.609e-11
1327   362  1.091e-10
1327   395  9.939e-10
1327   430  3.978e-09
1327   468  9.268e-09
1327   507 -4.685e-08
1327   548 -7.706e-07
1327   592 -3.504e-06
1327   638 -1.839e-06
1327   686  3.891e-05
1327   737  0.0001297
1327   790 -0.0001925
1327   846  -0.002229
1327   905  -0.002867
1327   967    0.01676
1327  1032    0.04437
1327  1101    -0.0842
1327  1172    -0.2721
1327  1248     0.3023
1327  1327          1
1327  1410     0.2849
1327  1497    -0.2817
1327  1588   -0.01547
1327  1784   0.006605
1410    74  5.337e-27
1410    84   3.93e-26
1410    97  6.091e-25
1410   114  1.098e-23
1410   133  6.265e-22
1410   153  8.466e-21
1410   174  1.235e-19
1410   196   1.62e-18
1410   220  6.503e-17
1410   245  8.473e-16
1410   272  1.198e-14
1410   300  2.274e-13
1410   330  2.076e-12
1410   362  1.673e-11
1410   395  1.887e-10
1410   430  1.024e-09
1410   468  4.316e-09
1410   507  3.096e-08
1410   548 -4.364e-08
1410   592  -9.04e-07
1410   638 -3.525e-06
1410   686 -2.246e-06
1410   737  3.697e-05
1410   790  0.0001338
1410   846 -0.0001689
1410   905  -0.002229
1410   967  -0.003089
1410  1032     0.0168
1410  1101    0.04532
1410  1172   -0.08245
1410  1248    -0.2738
1410  1327     0.2849
1410  1410          1
1410  1497     0.3277
1410  1588    -0.0685
1410  1784   -0.02843
1497    74  8.449e-29
1497    84  6.541e-28
1497    97  1.096e-26
1497   114  2.149e-25
1497   133  1.388e-23
1497   153  2.218e-22
1497   174  3.979e-21
1497   196  6.689e-20
1497   220  3.312e-18
1497   245  5.172e-17
1497   272  8.436e-16
1497   300  1.834e-14
1497   330  1.929e-13
1497   362   1.82e-12
1497   395  2.452e-11
1497   430  1.662e-10
1497   468  9.505e-10
1497   507  1.211e-08
1497   548  3.129e-08
1497   592 -3.182e-08
1497   638 -7.626e-07
1497   686 -3.263e-06
1497   737 -2.887e-06
1497   790  3.235e-05
1497   846  0.0001307
1497   905  -0.000105
1497   967  -0.002026
1497  1032  -0.003283
1497  1101    0.01461
1497  1172    0.04585
1497  1248   -0.07497
1497  1327    -0.2817
1497  1410     0.3277
1497  1497          1
1497  1588     0.3179
1497  1784      -0.33
1588    74  3.378e-31
1588    84  2.739e-30
1588    97  5.016e-29
1588   114  1.104e-27
1588   133  8.684e-26
1588   153  1.759e-24
1588   174  3.994e-23
1588   196  8.486e-22
1588   220  5.012e-20
1588   245  9.232e-19
1588   272  1.741e-17
1588   300  4.385e-16
1588   330  5.373e-15
1588   362  5.975e-14
1588   395  9.595e-13
1588   430  7.973e-12
1588   468  5.806e-11
1588   507  1.018e-09
1588   548  4.695e-09
1588   592  1.556e-08
1588   638  1.352e-09
1588   686 -2.477e-07
1588   737 -1.225e-06
1588   790 -1.839e-06
1588   846   9.89e-06
1588   905  5.592e-05
1588   967  2.473e-05
1588  1032 -0.0006667
1588  1101  -0.001735
1588  1172   0.003193
1588  1248    0.01647
1588  1327   -0.01547
1588  1410    -0.0685
1588  1497     0.3179
1588  1588          1
1588  1784     -0.936
1784    74  9.757e-36
1784    84  9.027e-35
1784    97  2.305e-33
1784   114  7.717e-32
1784   133  1.061e-29
1784   153   3.34e-28
1784   174  1.043e-26
1784   196  2.987e-25
1784   220  2.204e-23
1784   245  5.133e-22
1784   272  1.188e-20
1784   300   3.67e-19
1784   330  5.501e-18
1784   362  7.536e-17
1784   395  1.497e-15
1784   430   1.57e-14
1784   468  1.474e-13
1784   507  3.462e-12
1784   548  2.349e-11
1784   592   1.44e-10
1784   638  5.398e-10
1784   686  1.066e-09
1784   737 -2.881e-09
1784   790  -3.34e-08
1784   846 -1.173e-07
1784   905 -1.756e-08
1784   967  1.513e-06
1784  1032  5.532e-06
1784  1101  1.247e-05
1784  1172  0.0001787
1784  1248   0.001755
1784  1327   0.006605
1784  1410   -0.02843
1784  1497      -0.33
1784  1588     -0.936
1784  1784          1
